0 0 0 2.603439 2.422731 4.240993
1 1 0 2.818683 3.565178 2.472612
2 0 0 3.123458 2.836605 18.887770
3 0 0 3.334034 5.056936 14.402547
4 0 0 2.898455 3.059584 21.298765
5 0 0 3.320994 6.172850 15.747461
6 0 0 2.644494 2.894789 15.139875
7 0 0 3.281123 7.179435 19.864267
8 0 0 1.171392 4.062711 4.671241
9 0 0 1.183701 3.491499 4.064635
10 0 0 0.918780 1.542813 1.651143
11 0 0 1.045145 3.786942 3.843835
12 0 0 1.001644 0.955336 0.955336
13 0 0 1.032648 3.113667 3.456192
14 0 0 0.940377 1.591415 1.549063
15 0 0 0.911999 2.754836 2.869242
16 0 0 0.922405 1.597752 1.603341
17 0 0 0.902885 1.866068 1.541568
18 0 0 0.976387 1.868459 1.154529
19 0 0 0.931866 1.945039 1.899137
20 0 0 0.950313 1.132891 0.954069
21 0 0 0.963051 2.080972 2.083311
22 0 0 0.935316 2.219651 1.977045
23 0 0 1.021374 1.863510 1.863510
24 0 0 0.940277 1.976801 1.743671
25 0 0 0.974080 2.272639 2.244890
26 0 0 0.861005 2.165153 1.655676
27 0 0 0.887645 1.638684 1.668606
28 0 0 0.885809 2.171698 1.960361
29 0 0 0.856517 2.250305 2.423477
30 0 0 0.891630 1.603242 1.417513
31 0 0 0.874820 2.487346 2.934239
32 0 0 0.874602 2.448016 2.017158
33 0 0 1.002846 2.805909 2.805909
34 0 0 0.857343 3.468858 1.855246
35 0 0 1.830134 5.410861 11.430084
36 0 0 0.930841 1.361005 1.494294
37 0 0 0.941856 1.822417 1.870410
38 0 0 0.883743 1.128409 1.083976
39 0 0 0.903554 2.104690 2.236335
40 0 0 0.795661 2.274732 1.723289
41 0 0 0.862898 1.744665 1.377030
42 0 0 1.015171 1.801898 1.801898
43 0 0 0.833493 2.661058 1.473932
44 0 0 0.925851 1.132131 1.034984
45 0 0 0.963963 2.131517 2.081772
46 0 0 0.835666 1.073679 1.325794
47 0 0 1.183933 1.107385 1.212046
48 0 0 0.941353 1.413549 1.235633
49 0 0 1.461337 1.881790 2.667393
50 0 0 1.381388 2.716851 4.276113
51 0 0 1.620138 5.052594 7.719093
52 0 0 3.025647 4.053693 19.434888
53 0 0 3.111870 4.054116 23.626348
54 0 0 2.272466 3.246343 12.654736
55 0 0 3.126817 7.151551 33.427562
56 0 0 1.117374 3.615914 4.135111
57 0 0 1.410600 3.678200 5.670031
58 0 0 1.147787 1.338188 1.712419
59 0 0 0.953340 1.290228 1.322575
60 0 0 0.987570 2.157225 2.305942
61 0 0 0.994294 2.133232 2.184867
62 0 0 1.036208 1.258774 1.369062
63 0 0 0.913224 1.821024 1.817024
64 0 0 1.018088 1.535903 1.535903
65 0 0 0.863267 1.571195 1.516932
66 0 0 0.953301 1.328687 1.298869
67 0 0 1.049288 1.266631 1.605768
68 1 0 0.877952 1.742979 1.768301
69 0 0 1.041819 2.651548 2.886517
70 0 0 0.865494 1.519623 1.303658
71 0 0 0.979916 2.173070 2.130182
72 0 0 0.974320 2.381229 2.327280
73 0 0 0.983144 1.229842 1.145235
75 0 0 1.005599 3.121344 3.121344
76 0 0 0.912258 1.204951 1.229440
77 0 0 0.896646 1.501751 1.000780
78 0 0 1.009915 1.826046 1.826046
79 0 0 0.963881 1.759191 1.645853
80 0 0 0.832059 2.515458 1.666412
81 0 0 0.856064 3.324808 2.707332
82 0 0 0.823311 2.351407 1.428623
83 0 0 0.844443 2.193369 2.309559
84 0 0 0.832207 1.819622 1.855650
85 0 0 0.985076 1.317998 1.338895
86 0 0 0.828511 2.210989 1.763333
87 0 0 0.850781 2.329624 2.160789
88 0 0 0.784648 3.480656 1.862235
89 0 0 0.868298 2.872496 1.790989
90 0 0 0.856279 1.745471 1.424418
91 0 0 0.920008 0.768322 0.629815
92 0 0 1.024214 1.584472 1.751439
93 0 0 0.929407 1.136350 1.210974
94 0 0 0.922234 1.128916 1.131567
95 0 0 0.906424 1.055008 1.071048
96 0 0 0.874696 1.311771 1.138382
97 0 0 0.851059 1.230329 1.194645
98 0 0 0.956407 1.176263 1.175454
99 0 0 0.970479 4.150323 3.496270
100 0 0 0.778061 1.791751 1.806065
101 0 0 0.989515 1.272258 1.350440
102 0 0 0.922320 0.941286 0.796735
104 0 0 0.840384 1.805471 1.503349
105 0 0 1.002623 2.499093 2.499093
106 0 0 1.061282 1.134954 1.183065
107 0 0 1.086625 1.637575 1.761144
108 0 0 2.020508 3.406253 13.838505
109 0 0 2.385289 3.728384 22.066938
110 0 0 1.953376 2.847258 9.004704
111 0 0 2.434345 3.510359 21.988741
112 0 0 1.111286 1.179339 1.469091
113 0 0 1.069041 4.141501 4.698244
114 0 0 0.865268 1.861177 1.291533
115 0 0 0.859372 2.809025 2.683079
116 0 0 1.009553 2.040015 2.040015
117 0 0 1.019788 1.539222 1.539222
118 0 0 0.871813 1.772747 1.231565
119 0 0 0.877882 2.510507 2.419849
120 0 0 0.902632 1.308629 1.069849
121 0 0 0.905186 1.526703 1.671608
122 0 0 0.981010 1.508376 1.489815
123 0 0 0.904961 1.892757 1.603581
124 0 0 0.880064 1.415005 1.493752
125 0 0 0.977144 1.842257 1.882068
126 0 0 1.156318 1.153659 1.903367
127 0 0 0.988595 1.569844 1.479373
