#!/bin/bash

cat <<EOF > _tmp.C
{
double c[] = {

3, 1.22034643392, 53.5384375605,
13, 0.94574314978, 1.48334575416,
15, 0.948081827006, 4.48661214047,
58, 2.21154493162, 2396.21975189,
62, 1.54056473405, 1882.94857214,
74, 4.48037492791, 4419.72871493,
103, 4.19204000918, 42601.3404094,
145, 0.832939315382, 1.37632490866,
177, 3.6843494325, 0,
198, 2.70310791598, 4599.52418006,
288, 0.925703716728, 15.875037796,
289, 0.851187283685, 30.2093213993,
290, 0.93317575551, 14.9802329615,
291, 0.884436358089, 29.2023727048,
292, 0.92602167835, 25.2318334539,
294, 0.888436954003, 27.4773687506,
295, 0.955319634408, 13.2692383254,
296, 0.904397392868, 21.4568969738,
297, 0.960359499094, 11.2866176283,
298, 0.887104333228, 36.8547158876,
299, 0.947554858545, 28.7738155293,
300, 0.930828446977, 16.2744594429,
301, 0.919139274617, 21.7668925946,
302, 0.895706324315, 22.9692633103,
303, 0.854293919514, 50.2432690829,
338, 0.944807879732, 15.4724787389,
340, 0.901393368429, 38.4619693522,
341, 0.948840598312, 23.249744701,
342, 0.895597896534, 47.4538208481,
344, 0.86547796881, 38.2731684087,
345, 0.927524684157, 26.8130920829,
346, 0.915830729918, 27.3301030255,
347, 0.96553083784, 14.7914541667,
348, 0.925961659327, 22.3080632764,
349, 0.88123397888, 46.5171389396,
350, 0.953733317297, 19.9281149385,
351, 0.905205690264, 44.8489651439,
353, 2.88826461527, 5578.77694346,
554, 2.8853001502, 2180.27302122,
593, 2.60283717688, 1653.35013239,
594, 1.21066238255, 3.23442069261,
595, 2.77033994909, 1221.69770076,
597, 2.69608958969, 3831.80243187,
599, 2.63422276952, 2022.75396939,
601, 2.62094058997, 1394.41400099,
603, 2.6513793973, 844.78735893,
605, 2.75052821308, 1265.56762412,
607, 2.74726877043, 1587.73999843,
640, 2.75087483022, 2323.15453805,
641, 2.94452352499, 3756.63688588,
643, 2.62739870724, 2244.29025618,
644, 2.87300880294, 1070.97583482,
645, 3.10913009877, 2761.7577102,
646, 2.56834487813, 2219.00836129,
647, 2.76075264649, 4416.89345634,
648, 2.68955062046, 1469.01005339,
649, 2.81866423754, 1780.5437424,
650, 2.83288527961, 1637.16915777,
651, 2.89129685381, 2030.85372007,
652, 2.59961759544, 2651.35136936,
653, 2.96859130686, 2141.75511932,
654, 3.06879407667, 1056.66773679,
720, 2.49181379366, 530.925639223,
909, 1.02439586623, 0.984800026527,
917, 1.45113487632, 70.0875376917,
1002, 2.72139219718, 1516.55661866,
1038, 2.73177736449, 7148.1165097,
1061, 0.602255231675, 96.7935320232,
1067, 0.568147259231, 157.899047003,
1204, 2.8187148053, 11153.5204838,
1212, 2.93584560376, 1374.14460373,
1222, 2.69380900251, 4539.39938617,
1276, 0.66303002809, 41.51560853,
1288, 4.99452919287, 4619.42885028,
1366, 2.47101597171, 1253.45994499,
1376, 3.71894396838, 10004.2150329,
1380, 2.44831441884, 4136.81207441,
1384, 1.53794215024, 34.278836885,
1386, 3.14020596736, 11224.9753659,
1704, 3.8624501957, 4765.15546045,
1711, 2.00063997294, 206.509265993,
1738, 3.01062765979, 3915.45922266,
1836, 2.68895491311, 6833.67871383,
1837, 3.02172318734, 5378.98168611,
1838, 2.63992100803, 1007.05966649,
1844, 2.60207156575, 4308.08058304,
1860, 2.92635377201, 15281.1847526,
1892, 2.89324683937, 9948.04506847,
1963, 2.78881421708, 1504.01194317,
2014, 1.94490991755, 246.430586673,
2022, 3.66462826824, 30.0196822126,
2026, 3.9052582765, 11862.0218649,
2047, 3.346290396, 2536.37655826,
2112, 0.937234889419, 1.51989075958,
2114, 1.05637088116, 3.29097444201,
2115, 0.456558471624, 298.273077406,
2116, 0.679952598268, 255.919907814,
2118, 0.914271589411, 3.88637103901,
2120, 1.12845326201, 2.61074180699,
2123, 0.469291680416, 1998.43010555,
2124, 1.09374940176, 3.7058625356,
2125, 1.0807591508, 1.07546534696,
2161, 1.42679633749, 16.4491206543,
2196, 2.4581540003, 2258.59559031,
2245, 2.56974099508, 1642.35476335,
2298, 3.88214267074, 54697.7277754,
2325, 2.60351949865, 1302.40670852,
2341, 0.957864857627, 1.8904478088,
2371, 0.983532928691, 2.52834607481,
2395, 3.19977264211, 11988.6944396,
2424, 3.02272908734, 12250.1823415,
2487, 2.84726651144, 10877.3713682,
2505, 2.37510854883, 1293.83076552,
2533, 2.07457538473, 692.132688116,
2534, 2.84788658849, 3465.94843966,
2540, 2.37423296051, 1993.82651277,
2581, 2.78854134538, 2724.77632437,
2586, 2.83140514903, 2271.67335932,
2665, 2.59361739614, 635.756742087,
2778, 0.564052138122, 160.802990646,
2793, 2.22023035744, 84.9869997231,
2797, 2.98189458227, 2202.44793049,
2805, 2.60760829455, 4839.9444908,
2823, 2.20244256906, 152.99321478,
2824, 2.65463824653, 1709.89715178,
2825, 2.8178648501, 2306.97691835,
2857, 2.26445246599, 295.677696755,
2884, 3.20800321199, 3344.92792248,
2888, 3.41233640923, 11164.23981,
2891, 3.10764988949, 13516.8473137,
2915, 3.11721271699, 10879.9102903,
2921, 2.70357671132, 1310.96074413,
2985, 2.64556459167, 3829.42354824,
3135, 0.762310103263, 16.598868017,
3160, 1.13275611731, 2.09358271447,
3161, 2.1269754513, 117.959174324,
3196, 1.96554598211, 82.9974847453,
3223, 2.44145258202, 2160.29024665,
3236, 2.94794634196, 8343.53550628,
3244, 2.64276122133, 2115.12856663,
3259, 2.48086053799, 409.822813431,
3339, 2.84925346213, 11756.4352762,
3503, 2.32262706884, 1004.90732521,
3732, 2.827956057, 2544.98493225,
3740, 2.39566535245, 1094.79753596,
3748, 2.587578729, 1509.02733258,
3754, 1.58688591048, 31.2332081747,
3772, 1.71863050552, 66.6553019675,
3796, 1.89160568531, 159.295309913,
3826, 1.04173378869, 213.220039956,
3832, 0.990647053144, 62.2851230979,
3836, 1.11023198532, 135.139166181,
3838, 1.11362583746, 66.7295789663,
3839, 1.04917314865, 72.6410902395,
3854, 2.4311625633, 769.143362064,
3906, 2.1278509167, 552.409677404,
3908, 2.53627242465, 3844.96812777,
3914, 2.84870060162, 4448.71652882,
3940, 2.52079966082, 3243.10088495,
3955, 0.790231792015, 7.15898580699,
3974, 2.65668483837, 8217.61843206,
4011, 2.48074056024, 1570.11294502,
4026, 0.54547100499, 184.958859544,
4027, 2.17293201882, 521.173580741,
4058, 2.93756177912, 4302.81085224,
4129, 2.49421093243, 882.982836413,
4212, 2.48959401703, 990.057140406,
4230, 2.25586430386, 981.934118465,
4282, 2.60087552206, 995.644986894,
4421, 2.02204904553, 221.259211271,
4516, 3.18171441016, 9757.02187543,
4530, 3.05631940667, 10198.860135,
4531, 0.876352439319, 2.45353353974,
4532, 3.15930720246, 8447.59951071,
4538, 2.98568296035, 5666.66007591,
4543, 3.15274451609, 13455.1133157,
4596, 2.4615164993, 2025.09466139,
4605, 0.778794087532, 9.72683538363,
4613, 2.75989071706, 2071.3475296,
4617, 0.977517887361, 1.34994153396,
4621, 3.56363394855, 17115.5921802,
4627, 2.7372377233, 2359.9601076,
4637, 2.38839757927, 480.20533289,
4639, 0.974478437422, 1.72898173646,
4817, 3.22980000411, 1910.5079128,
4838, 1.64437081416, 688.152950736,
4846, 1.76076585995, 629.853358193,
5217, 2.8872130242, 1252.63041937,
5219, 3.92797234079, 252.381420852,
5221, 2.97391616729, 3700.23850163,
5223, 3.06177965576, 1304.83711505,
5225, 3.08913946045, 3056.29497599,
5227, 3.07375976016, 3006.14350598,
5229, 3.12914481704, 756.390599011,
5231, 2.41057797191, 1100.24831805,
5264, 3.06733056556, 1671.22088915,
5265, 3.39650355625, 1097.5196157,
5266, 3.39106886514, 1397.09149279,
5267, 3.13523846572, 3043.43761439,
5268, 2.94617633642, 2005.518748,
5269, 2.93479139086, 2163.82720201,
5270, 3.27848377052, 1760.39707824,
5271, 2.78710984128, 4620.66295382,
5272, 3.57107122427, 1600.60275165,
5273, 3.03075311841, 3403.32134893,
5274, 2.96345835011, 2699.44519563,
5275, 2.8846466958, 5516.19063817,
5276, 2.66826475769, 1247.75621586,
5277, 3.01050971354, 3403.70536407,
5278, 2.30028528639, 1078.20725144,
5279, 2.60118823778, 869.00257214,
5328, 0.524446870189, 0,
5330, 1.88974676628, 39.3608800857,
5332, 1.95034770259, 18.5552023879,
5334, 0.720493641748, 0,
5336, 0.585278383462, 0,
5338, 1.1667168024, 528.447372798,
5340, 0.555733309581, 1907.91335988,
5430, 0.963864962182, 1.22672912645,
5448, 1.62241586314, 27.9931163236,
5608, 0.766137330887, 10.184401132,
5648, 2.87279197265, 1017.23036465,
5650, 2.83747458917, 1424.98905251,
5652, 2.80209264994, 963.429832098,
5654, 2.80912201796, 1230.25847917,
5656, 2.85452416319, 1376.06391133,
5658, 2.88618905867, 713.156735411,
5660, 2.42842370938, 1381.86926256,
5663, 3.34297137072, 144.12945445,
5714, 1.82008704054, 43.8145646848,
5767, 3.08135783674, 4048.09067654,
5826, 0.401441228831, 1592.06753482,
5832, 0.996031131446, 15.3095123856,
5833, 1.03170348623, 10.9121514171,
5850, 4.89338570323, 1859.78662749,
6080, 4.55255640138, 617.839112311,
6083, 4.25800522241, 685.931628599,
6085, 4.2784900189, 1003.71620865,
6094, 3.59010601144, 761.448064408,
6104, 3.34297425606, 20958.8195603,
6128, 5.23973725775, 2060.61054712,
6129, 5.0670768619, 1674.77745842,
6136, 4.51095008032, 5377.8734382,
6137, 4.98327233486, 3924.68214113,
6139, 4.87588922416, 995.038952024,
6141, 4.56753556812, 871.983109924,
6275, 1.879532007, 89.558194611,
6331, 3.60447678551, 473.868252918,
6340, 0.672262900388, 74.7454917296,
6481, 2.99048794884, 253.246040117,
6624, 1.37763216313, 58.1833106657,
6625, 1.34690807139, 40.4029841856,
6626, 1.37521297043, 93.368572931,
6627, 1.33238174498, 72.4298136406,
6628, 1.02532442277, 1.38609296888,
6629, 1.29417772636, 59.2831406243,
6630, 1.31429509692, 95.4677351976,
6631, 1.28848497946, 54.2200621599,
6632, 1.3593825329, 109.41556721,
6633, 0.976954097401, 1.30625795213,
6634, 1.3493524985, 111.261054125,
6636, 1.33618457089, 108.840506576,
6637, 0.980620976452, 1.46489150531,
6638, 1.35394812833, 92.8306598301,
6639, 1.29538812298, 68.3001296198,
6645, 0.43553845244, 5381.3946948,
6646, 0.954820270482, 2.47026647462,
6649, 0.473322894541, 1310.76121402,
6650, 0.897237663015, 23.9759570885,
6672, 1.29595015539, 18.9215352894,
6673, 1.29659219135, 20.628609483,
6674, 1.04671991368, 2.4205982009,
6676, 1.37418321617, 90.9281555188,
6677, 1.33386571711, 77.8339279016,
6678, 1.3831768036, 70.6124546914,
6680, 1.40639438005, 85.0751792211,
6682, 1.04606756937, 2.55957164857,
6683, 1.35614859992, 87.3215184489,
6684, 1.02401635236, 1.1759105824,
6685, 1.30393074153, 62.5302168064,
6686, 1.03101397057, 0.834675195711,
6701, 0.573784103041, 205.432745876,
6735, 3.28644175673, 3863.08169415,
6811, 0.859619691795, 41.7596274236,
6886, 0.961763266558, 3.96305978137,
6945, 0.969182739224, 1.00068928924,
7371, 3.92287308505, 1467.2166644,
7417, 5.33165983737, 5890.4391414,
7425, 3.5264334742, 7149.1280175,
7572, 2.94306746263, 1393.60608773,
8047, 4.42439776858, 3229.37149442,
8244, 2.21702852742, 365.812367191,
8260, 1.87658442421, 125.971083878,
8275, 2.59762810478, 1797.9511821,
8340, 2.2777979141, 1173.54817404,
8352, 1.11945866565, 1.83074727398,
8356, 1.30809801588, 5.49574828799,
8357, 1.1119693173, 3.62925468095,
8420, 2.55964957016, 2449.98047095,
8610, 3.3645372356, 6121.73116885,
8807, 0.91854899774, 2.77807889834,
8809, 0.959366017168, 1.47297347038,
8813, 0.93149705868, 1.42162242209,
8855, 0.82764821515, 8.1147927438,
8904, 0.717087824012, 49.1760510501,
8907, 0.728995146799, 44.1923687576,
8911, 0.812024588851, 20.2502023954,
8916, 2.36742715928, 746.276971307,
8938, 3.17544460066, 6178.07238046,
8944, 0.754620071668, 38.529345006,
8947, 0.853191039636, 7.68411420532,
9078, 2.09699074714, 144.434372618,
9200, 0.984943467951, 2.92482470555,
9243, 0.972382821131, 1.28372602046,
9269, 3.82629537922, 60317.1898903,
9291, 2.37000810935, 838.183309019,
9338, 0.541646754905, 170.589035744,
9354, 1.66417566793, 65.4298162314,
9459, 1.03122965835, 1.12637535691,
9533, 2.25368605399, 381.587223005,
9598, 2.36295305932, 28.4552837344,
9703, 2.65826994407, 1350.6840056,
9706, 1.05950912286, 4.34462668645,
9769, 4.00243769412, 20986.7951018,
9798, 0.614278263814, 188.381910452,
9801, 0.455824373002, 700.880461424,
9807, 0.592456088918, 206.480935034,
9872, 0.691976968313, 162.122919333,
9878, 0.680749275946, 73.6640565728,
9927, 1.85819567519, 56.5269798489,
9940, 1.47613743115, 14.4605243901,
9942, 1.57931292264, 17.8489467833,
10091, 0.690206755052, 17.4446930105,
10134, 0.674478922009, 153.132501277,
10135, 0.599244851522, 151.97525757,
10138, 0.36049538392, 6482.84950289,
10143, 0.572446825078, 542.263082632,
10164, 1.79468363469, 203.600033496,
10203, 3.22449116476, 3355.02904591,
10326, 2.79336145567, 5356.82616087,
10451, 3.04319935705, 15213.3329498,
10561, 4.37702541482, 716.6080561,
10566, 4.15686440396, 1395.83583019,
10567, 4.07510433495, 6520.65056431,
10570, 4.77395438191, 2345.08777862,
10572, 4.27619008837, 2022.95062446,
10575, 4.25369474998, 4233.2296251,
10609, 4.24255654825, 478.700451663,
10612, 4.28928712546, 383.877545213,
10614, 4.27750546447, 568.482371567,
10615, 4.54166600564, 970.477429419,
10619, 4.72392690734, 2324.2071662,
10621, 4.74203192265, 816.392302416,
10678, 1.03405911359, 0.889120459676,
10829, 0.597461931937, 131.219389756,
10831, 0.506588399471, 355.285191436,
10921, 5.16346078221, 23179.6758731,
10981, 0.41897978542, 1342.56027538,
10982, 0.440926121775, 977.016435473,
10988, 0.465691733239, 348.685445744,
11024, 0.861954770551, 10.0532717765,
11034, 0.690548759822, 35.9306146831,
11042, 1.03650803355, 1.03216931054,
11044, 1.15568977195, 2.04073226627,
11048, 0.864879249324, 4.14554447495,
11050, 1.12947944104, 4.00896519713,
11052, 1.02241944319, 1.19080263056,
11054, 1.33754217078, 6.28663301967,
11091, 3.72235993154, 1571.74202323,
11093, 0.77845969317, 11.5428011955,
11095, 0.766657131853, 15.2360663054,
11097, 0.82455423961, 9.63587141526,
11099, 0.809273517115, 7.51248850852,
11102, 0.720929972796, 42.8734771103,
11141, 0.601345399041, 154.670962094,
11148, 0.806387446972, 13.0659703043,
11150, 0.775857773156, 25.0324776686,
11197, 0.828247989587, 11.6778785245,
11198, 1.28710272795, 4.83798284378,
11411, 0.691970490183, 71.2385624092,
11525, 0.917141809369, 6.33607721841,
11534, 0.944278538125, 3.19318473066,
11551, 0.969214376603, 2.62815679958,
11630, 0.671697069089, 394.403034045,
11647, 0.829435607021, 14.4807808701,
11918, 0.961042389673, 1.63350264351,
12032, 0.845458325, 7.68349122523,
12042, 0.944627141633, 4.65315970629,
12043, 0.956725193354, 4.41489516729,
12044, 0.943094245643, 4.3395099733,
12045, 0.950101022089, 4.96897857427,
12046, 0.853309226, 10.9041398401,
12047, 0.95357155415, 3.19379939721,
12117, 0.77854311265, 14.7179972637,
12126, 0.908736587657, 2.16731929839,
12127, 0.911986561348, 9.34897945496,
12160, 1.05269412539, 22.0670514504,
12174, 0.986438618393, 10.2290095397,
12271, 0.963386480137, 2.41966002347,
12276, 0.879950457333, 13.8632899977,
12278, 0.912372575791, 8.75675630376,
12280, 0.913639908116, 9.18224724128,
12282, 0.896682172483, 6.67293237812,
12320, 5.45550502726, 1823.5333633,
12322, 5.47087106233, 2595.79093043,
12325, 5.8177782481, 3699.97296897,
12327, 5.01783762099, 7071.87005672,
12331, 5.6712390139, 5738.82721278,
12333, 4.63743412726, 5630.88830181,
12371, 5.61571674514, 3480.41162487,
12373, 4.47400438754, 8060.06882806,
12374, 4.77280336453, 9284.93006118,
12375, 4.8144732306, 7111.47524423,
12377, 4.42706507631, 6165.71859662,
12379, 5.44139338079, 1946.28676429,
12381, 5.11608576059, 2256.24730997,
12383, 4.28442736213, 1031.37778589,
12604, 0.690474686621, 209.484499542,
12607, 0.32759632402, 7657.36850049,
12610, 0.875160583834, 11.516284423,
12613, 0.882878054263, 10.787384002,
12614, 0.437909064154, 2238.97722235,
12618, 0.591341801417, 827.308113222,
12621, 0.985077316921, 1.54651109493,
12622, 0.939818451591, 0.939366981246,
12623, 0.369349894407, 690.267525906,
12783, 0.737171186634, 242.681841792,
12801, 0.704942283773, 73.5112394629,
12802, 0.619876149315, 272.08931095,
12803, 0.40069415227, 8625.07235459,
12805, 0.358054585716, 11380.6568391,
12806, 0.370484194379, 8114.93934361,
12807, 0.958267726898, 1.33681768738,
12809, 0.506515403506, 1454.58948165,
12810, 0.380985490517, 7259.89184568,
12811, 0.84933445538, 8.4746432136,
12813, 0.929203361781, 1.69235827081,
12814, 0.545079551983, 77.9117270246,
12815, 0.26179089561, 11093.6633917,
12818, 0.745449669448, 27.6283172277,
12823, 0.951340931788, 6.57044742623,
12825, 0.939310611807, 17.2745294384,
12826, 0.728996334233, 143.51498549,
12829, 0.914022398867, 7.33019728832,
12848, 0.391682636685, 3138.49504093,
12850, 0.830040751787, 18.2876107671,
12853, 0.954033384327, 2.47555208834,
12856, 0.610180279404, 36.9985961262,
12858, 0.827843702182, 1.54198289088,
12862, 0.917585177311, 1.35515309336,
12870, 0.844169698941, 75.8096071099,
12871, 0.843726143854, 85.0961296301,
12874, 0.451907409007, 2303.38568566,
12879, 0.896098658982, 33.0801186428,
12914, 0.962098115979, 2.67477811666,
12921, 0.579202046219, 882.855011943,
12923, 1.05989820376, 3.62643330717,
12927, 0.531661873381, 1367.56503519,
12988, 0.713788806179, 23.4338439052,
13049, 1.89303566409, 200.374765998,
13053, 3.9791984324, 2704.03280544,
13056, 0.633578209048, 37.1104438874,
13058, 0.974932027511, 2.03000138607,
13064, 0.679411053787, 142.966305344,
13068, 2.94095040989, 12391.4526719,
13120, 0.657329778317, 256.883868981,
13122, 0.41392545494, 5919.80557368,
13124, 0.938744092185, 4.14183783109,
13126, 0.346045800074, 5107.80696795,
13128, 0.706736419616, 100.070060053,
13133, 0.931587844614, 6.76073757629,
13156, 0.541514883111, 221.357440648,
13248, 0.408943615888, 195.516618103,
13249, 0.400173633758, 192.258453125,
13280, 0.543670234265, 314.807777316,
13282, 0.546849781407, 271.917827567,
13284, 0.52950059451, 350.204899635,
13286, 0.67621304705, 140.938303845,
13287, 3.55428858346, 46.3008569576,
13288, 0.616195556938, 182.465642341,
13290, 0.551832839882, 271.634179759,
13292, 0.498108914174, 362.477201125,
13293, 0.652844254714, 118.571304428,
13294, 0.383791680487, 182.369923068,
13392, 0.879385153173, 8.74766708009,
13394, 0.370688062034, 9131.91349809,
13395, 0.96645972114, 1.29699350418,
13398, 0.980799718803, 2.0528035121,
13399, 0.934755858443, 1.50497636937,
13400, 0.732298393896, 347.239550814,
13402, 0.573406322123, 114.348917133,
13403, 0.587048337202, 613.618890177,
13406, 0.384376518565, 11950.4750445,
13433, 0.433319385932, 749.363519133,
13457, 0.94723494391, 2.99444580864,
13458, 0.983253641675, 1.27899173398,
13460, 0.390382913593, 7486.014664,
13462, 0.639089985186, 72.0512917018,
13463, 0.977342558356, 2.57873999704,
13464, 1.05318274264, 9.71983116742,
13465, 0.740993028236, 78.9877737435,
13467, 0.450109472588, 3738.7875112,
13469, 0.969986741033, 1.39299040477,
13471, 0.714464926481, 156.790990083,
13476, 0.607990605937, 84.445421131,
13477, 0.699242890704, 87.1399926555,
13479, 0.911387483634, 6.15122385632,
13481, 0.921316586895, 4.12777307614,
13485, 0.49618678829, 1258.37041477,
13487, 0.977836135107, 1.19864721881,
13508, 0.762400757543, 96.7094351923,
13509, 0.438229331962, 2166.04610879,
13510, 0.351040775602, 8091.71084641,
13512, 0.979448969916, 2.6313214593,
13513, 0.917798901749, 8.10450234323,
13517, 0.816997260325, 49.7601851045,
13521, 0.571001571319, 339.998197,
13524, 0.958916206117, 2.91470094951,
13525, 0.617406802806, 359.241817756,
13553, 0.989650759561, 1.48058984544,
13558, 0.70809995944, 369.644203403,
13559, 0.70757086014, 55.6025796845,
13574, 0.808846614025, 18.1843250411,
13578, 0.529362974612, 297.212343351,
13786, 0.930988262823, 4.92812559556,
13798, 0.9431672221, 2.20975132473,
13828, 0.424914003975, 1921.59075913,
13835, 0.347628821689, 7267.62460659,
13863, 0.914400394268, 5.1363190792,
13903, 0.572527944481, 585.963101939,
13921, 0.553953852335, 38.0148930234,
13926, 0.737626321264, 51.4493798485,
13933, 0.589375343906, 344.587246328,
13953, 3.54689483044, 32412.3907986,
13968, 0.753969998339, 14.8004510051,
13972, 0.854799716617, 29.6821062386,
13973, 0.886048112372, 26.3715969193,
13975, 0.95574119589, 16.2025209188,
13977, 0.551342635618, 540.363152107,
13980, 0.982089131219, 1.1371317424,
13983, 0.784103101299, 43.5522625006,
14058, 0.623085411688, 102.119786036,
14060, 0.578968061936, 133.786556846,
14116, 0.943400203798, 1.33509904571,
14117, 0.723780163618, 109.12372997,
14119, 0.492631566989, 1349.41163187,
14125, 0.812927071772, 53.4545947248,
14153, 1.51239544621, 19.8754144395,
14157, 0.393964384381, 1986.03252282,
14191, 5.44041165709, 2374.56062761,
14228, 1.73138175211, 48.002329272,
14229, 2.81716896487, 1798.40473552,
14234, 1.55289897527, 45.4505649234,
14236, 1.35540954766, 13.5405218453,
14239, 3.60356190575, 51044.7452796,
14249, 4.57587734453, 32600.4250975,
14303, 1.0249587483, 1.86358271905,
14305, 0.289979530427, 2200.66580263,
14306, 0.386176778405, 1402.19075444,
14308, 0.418957442858, 1601.3153694,
14309, 0.368297909951, 2004.17701599,
14311, 0.454530964456, 725.804846552,
14313, 0.73464803844, 70.864797555,
14314, 0.621755215828, 537.188803845,
14317, 0.444961451774, 882.803901089,
14319, 0.527327412609, 406.492780874,
14325, 0.359276979649, 3521.95606107,
14362, 0.617142718846, 109.128407182,
14363, 0.455367051046, 779.356550368,
14373, 0.530555365224, 266.709675201,
14400, 0.957829286376, 0.858974782525,
14402, 0.866036011784, 10.9935719694,
14403, 0.466663041122, 828.2930631,
14409, 0.850950434756, 37.6221933271,
14438, 1.02460524035, 1.63655290039,
14498, 0.867408548959, 5.1994943166,
14501, 0.649423749932, 127.442564431,
14502, 0.609666914082, 126.130580168,
14503, 0.551109836215, 256.663778583,
14505, 0.440816042576, 1234.13784645,
14544, 0.858738477193, 14.2632115353,
14545, 0.879726522483, 2.69598642715,
14549, 0.449316053186, 2756.78291894,
14550, 0.952825964705, 20.1408826304,
14553, 1.03498428251, 2.91659055776,
14554, 0.386559112069, 2729.36218015,
14557, 3.40816372924, 49.4834399741,
14558, 1.02447677269, 2.34471086921,
14592, 0.487529132032, 45.3737710917,
14594, 0.71428195995, 179.003758169,
14596, 0.801962653802, 50.7940313579,
14597, 0.865694843319, 40.7769490696,
14598, 0.602254343648, 617.351481241,
14605, 0.882746118232, 52.897482905,
14610, 0.375604424406, 2322.47505796,
14616, 0.939181136644, 2.47873378305,
14617, 0.880320619066, 68.608334329,
14618, 0.464240757873, 1615.98991312,
14620, 0.424721258518, 3813.80612349,
14622, 0.81623146007, 19.2804657214,
14623, 0.90635463626, 41.549788976,
14625, 1.74247855527, 49.798432475,
14638, 3.8429348216, 0,
14640, 0.282218518001, 981.994535532,
14647, 1.23901801894, 40.4090238121,
14660, 0.529125942509, 353.123753604,
14661, 0.852361108031, 5.27623917769,
14662, 0.35885513314, 3326.88897769,
14663, 0.547333780444, 471.777021869,
14668, 0.320584331663, 8334.65689875,
14669, 0.45923118475, 1002.60273947,
14672, 0.445656328716, 814.565636619,
14676, 0.686257499937, 156.224162456,
14678, 0.97268759589, 3.06285582339,
14679, 2.74950745238, 6398.91510535,
14688, 0.381293495915, 1437.79083764,
14689, 0.430169975503, 736.076011822,
14690, 0.653041328952, 220.526002267,
14691, 0.380108285367, 8138.33171852,
14694, 0.502390654545, 703.859739127,
14696, 0.747484270103, 34.0224852325,
14697, 0.51372263596, 1316.15312268,
14702, 0.493737771069, 1413.03608744,
14703, 0.849839113115, 7.73209199867,
14704, 0.793049132207, 114.440457515,
14709, 0.485995001006, 2222.01018405,
14711, 0.306333175076, 12948.0083914,
14712, 0.873482530587, 34.1246726646,
14713, 0.859839563747, 53.1778451642,
14721, 0.912359068133, 15.0719817771,
14722, 1.03886797529, 3.03433541578,
14725, 1.02644779232, 3.24295384984,
14726, 0.698712038509, 217.223913416,
14727, 0.763407046427, 67.1672547512,
14731, 0.689521578492, 232.402434135,
14733, 0.657525083488, 241.649867958,
14734, 0.292665452865, 6095.35277364,
14735, 0.478851487065, 512.974311124,
14736, 0.279775145612, 17565.1870701,
14737, 0.738885138302, 4.61495017521,
14738, 0.345269233961, 4790.90506499,
14739, 0.881210161101, 4.79560540755,
14741, 0.341372293911, 5149.18260949,
14742, 0.906993221194, 7.25196503649,
14744, 0.641339232993, 137.022297626,
14746, 0.985131812467, 15.3793557013,
14750, 0.660135661254, 552.092831186,
14753, 0.586198430893, 605.724008052,
14754, 0.558130700171, 323.013444669,
14756, 0.899937163495, 8.53299703834,
14757, 0.41739302317, 4969.81163832,
14758, 0.526522566864, 2085.76304855,
14760, 0.323739597015, 25942.1181841,
14761, 0.601861430008, 174.953949167,
14762, 0.780644539488, 40.3368727117,
14763, 0.510186320598, 967.281348231,
14764, 0.510631896557, 1162.8832448,
14765, 0.78974958517, 160.221647598,
14766, 0.415356289847, 4749.79744349,
14767, 0.486492312555, 515.435941336,
14772, 1.1399057068, 100.56046569,
14773, 0.574426700612, 486.542543893,
14774, 0.778633232829, 45.0377352002,
14775, 0.427690489992, 2758.42751262,
14779, 0.397054830642, 7006.95866434,
14839, 0.457809197865, 793.411447663,
14862, 5.21771262476, 1163.39262105,
14867, 2.33246665492, 916.867214538,
14874, 0.89903312584, 9.76021644488,
14977, 0.401233682629, 916.119894378,
14986, 0.640315062494, 300.426916175,
14991, 0.533081919349, 539.436868266,
15009, 0.452405356773, 1458.49459087,
15012, 2.4517185438, 450.3372368,
15015, 0.478001062514, 601.912203325,
15020, 0.382781512541, 2088.59415834,
15021, 0.887868059464, 10.6282344623,
15025, 0.441216039685, 310.942036949,
15027, 0.701728474558, 50.126146114,
15033, 0.519348595677, 390.999880035,
15094, 0.455395063836, 1054.8813934,
15137, 0.447363216196, 785.508754998,
15140, 0.330753048514, 1081.43138361,
15143, 0.372188789332, 1731.61605129,
15149, 0.427876536984, 1516.21568335,
15152, 0.75818870375, 24.3458992402,
15154, 0.726077584897, 14.4347674427,
15157, 0.558755870269, 340.700518563,
15161, 0.511295486292, 328.127106623,
15164, 0.335129822478, 1787.16258764,
15266, 0.483219401341, 1837.58988947,
15272, 0.599088201422, 562.23290064,
15280, 0.899044055751, 16.6461159963,
15282, 0.355513446164, 4892.39822012,
15284, 0.656819982254, 261.359533881,
15287, 0.925104138108, 2.76496702061,
15288, 0.402695836282, 6274.22221107,
15289, 0.984790012886, 1.85078021667,
15290, 0.823880906075, 5.91536932708,
15291, 0.407770629155, 5363.45838445,
15292, 0.966836416894, 1.22141322623,
15293, 0.962284231651, 1.04900025829,
15294, 0.449558958737, 2393.5017712,
15295, 0.49024841214, 2224.11227587,
15298, 0.89590587052, 3.12528097453,
15299, 0.472556645674, 2985.44699258,
15318, 0.370911745745, 6586.86122446,
15326, 0.365445239955, 8758.57232061,
15328, 0.708355208634, 241.942523042,
15331, 0.426416627292, 4616.33633461,
15333, 0.450042313953, 1537.16447015,
15334, 5.61534030449, 0,
15338, 0.425611604593, 5350.64323311,
15340, 0.949648111793, 3.4288180697,
15341, 0.88817432577, 4.4983398422,
15342, 0.942570358389, 1.15229432226,
15345, 0.454975034825, 1217.73048944,
15348, 0.450005506967, 2187.02729473,
15350, 0.584652683947, 709.061552801,
15354, 0.345357612889, 6759.01991488,
15359, 0.366470485625, 663.036418321,
15367, 0.964246835698, 1.28254780643,
15398, 0.701107680254, 160.877818879,
15460, 0.734305190086, 19.3946954537,
15462, 0.963519994631, 1.90043020117,
15469, 0.712885904655, 105.86920519,
15476, 0.656707649694, 54.2662067465,
15493, 0.631238094415, 142.018809443,
15526, 0.789830867039, 15.2466181547,
15670, 0.599350703269, 199.217362044,
15718, 0.640805387052, 156.65625195,
15719, 2.04922101633, 168.555157984,
15754, 5.12282889743, 39910.0893788,
15777, 0.437122402749, 1891.22922065,
15783, 0.944590967585, 0.899475986559,
15785, 2.39705199263, 522.276655011,
15821, 1.87399817198, 927.119617703,
15861, 0.548165866377, 442.377039274,
15870, 0.441229477837, 899.700080313,
15877, 0.567949980255, 316.148977003,
15908, 0.343546706585, 3228.3123988,
15945, 0.960598113434, 1.30454775787,
15947, 0.423501182477, 1096.40204804,
15949, 0.454979106547, 744.273768196,
15955, 0.44351078655, 890.737427392,
15965, 3.83354318087, 7821.16107617,
15967, 3.70094710977, 2809.64747568,
15972, 0.395858916214, 2353.55716225,
15979, 0.489985097153, 421.191199448,
16026, 0.61615760122, 114.265788666,
16054, 0.406633776343, 1699.94774914,
16088, 0.802729644175, 36.721814494,
16089, 0.81835873618, 76.8491612472,
16090, 0.944022648553, 7.00188423672,
16091, 0.392307871718, 5067.63483222,
16094, 0.787112242841, 90.3090405693,
16215, 2.04400024471, 136.741959108,
16258, 2.03218686653, 353.480812893,
16268, 2.0729419305, 262.439424783,
16304, 0.583250815117, 1273.08692931,
16306, 0.920002225148, 4.02415781261,
16307, 0.905704026549, 21.8882967791,
16308, 0.875566291449, 14.4896835632,
16317, 0.788044897178, 71.637199397,
16388, 0.352186092611, 9919.96663363,
16428, 0.760357246133, 200.269996339,
16429, 0.369189957277, 6827.95966965,
16440, 0.577659019649, 277.493965407,
16443, 0.365266003645, 11207.0716588,
16446, 0.536882558283, 1270.73775964,
16465, 0.673224247143, 92.1649948428,
16468, 0.781064113108, 66.1913415387,
16469, 0.932995395638, 3.19312114949,
16472, 0.884306979038, 4.11193629821,
16473, 0.539467490121, 618.781937733,
16475, 0.796452164901, 102.547424803,
16476, 0.477104155007, 2438.38428493,
16477, 0.795954336726, 101.028746285,
16479, 0.590587616027, 629.829507227,
16482, 0.773003286149, 79.5323761349,
16483, 0.97177798996, 2.28002493027,
16488, 0.446477573505, 4177.30549053,
16489, 1.03539553254, 1.15970889519,
16491, 0.841734215014, 50.4535171943,
16492, 0.58119392284, 704.60500538,
16496, 0.380200685374, 7441.00799259,
16497, 0.857604044268, 103.292105248,
16498, 0.725875544929, 190.538262893,
16502, 0.846918279473, 23.6287194578,
16506, 0.668318370516, 296.640504179,
16508, 0.951225517006, 2.65405115629,
16509, 0.372757536119, 3504.80704921,
16634, 3.57870237024, 46231.2309186,
16784, 3.54079059228, 51367.1325463,
16785, 2.29505488501, 805.23814222,
16789, 2.10312571324, 390.642113739,
16818, 1.05928499487, 7.46538749539,
16819, 0.652694394079, 277.802397854,
16821, 0.49605876291, 851.689881889,
16825, 0.989059503561, 1.86377152278,
16826, 0.364780255824, 11622.2979826,
16827, 0.927111202314, 14.0287811975,
16865, 0.6988360987, 184.404804203,
16867, 0.640996302171, 333.459945611,
16886, 3.94435369815, 55359.9355792,
16907, 0.866805580284, 10.8431149405,
16910, 0.868158998531, 3.52537086683,
16911, 0.986830801742, 3.44798555593,
16927, 0.909704288465, 2.41967215729,
17091, 0.396896660456, 4136.05601625,
17097, 0.642649452599, 369.432034028,
17107, 0.620847208257, 57.7980336448,
17117, 1.884119558, 123.706689008,
17202, 3.01463554885, 4780.54960875,
17204, 4.61943382884, 6710.190102,
17206, 1.41539877065, 15.2864674827,
17237, 2.04853974655, 40.5744695891,
17295, 2.42212815907, 768.16792482,
17396, 0.719776018533, 14.234113405,
17452, 0.766535713502, 23.2655011592,
17463, 0.782806020627, 21.7596832248,
17537, 0.455579491892, 307.542646254,
-1, -1, -1

};
gStyle->SetOptFit();
_file0=TFile::Open("$1");
TH2D*h2=(TH2D*)(((TDirectoryFile*)(_file0->Get("AliAnalysisTaskCalibEmcal")))->Get("histogram")->FindObject("_histogram_cell_id_pi0_mass"));
TH2D*h2r=(TH2D*)(((TDirectoryFile*)(_file0->Get("AliAnalysisTaskCalibEmcal")))->Get("histogram")->FindObject("_histogram_cell_id_pi0_mass_recal"));
h2->GetYaxis()->SetTitle("m_{\\\\gamma\\\\gamma}\\\\:(\\\\mathrm{GeV}/c^2)");
TH1D*h2y=new TH1D(*(h2->ProjectionY("_py",0,0)));
TH1D*h2yr=new TH1D(*(h2r->ProjectionY("_py",0,0)));
for (double *p = c; *p >= 0; p += 3) {
const int cell_id = *p;
if (p[0] >= 12288 && p[1] >= 1.0 && p[1] < 1.2 && p[2] < 100) {
fprintf(stderr, "%f %f\n", p[0], p[1]);
TH1D *t = h2->ProjectionY("_py", cell_id + 1, cell_id + 1);
h2y->Add(t);
TH1D *tr = h2r->ProjectionY("_py", cell_id + 1, cell_id + 1);
h2yr->Add(tr);
}
}
const int rebin_factor = 10;
h2y->Rebin(rebin_factor);
h2yr->Rebin(rebin_factor);
TF1 *f = new TF1("f", "pol0", 0.55, 1);
f->SetLineStyle(7);
f->SetLineWidth(2);
h2y->Fit(f, "r");
TF1 *fr = new TF1("fr", "pol0", 0.55, 1);
fr->SetLineWidth(2);
h2yr->Fit(fr, "r");
h2y->SetMarkerStyle(25);
h2y->SetLineColor(kBlack);
h2y->GetYaxis()->SetTitle("Counts");
h2y->Draw("e1x0");
h2yr->SetMarkerStyle(20);
h2yr->SetLineColor(kBlack);
h2yr->Draw("e1x0same");
}
EOF
exec root -l _tmp.C
